0.0399422610671
0.076988034188
-0.00635983414134
-1.24789473684
0.0332038924575
0.0443297755236
0.0479650117742
0.0316449642011
0.0332518601864
0.00463695216311
0.0496775723092
0.0525343764817
0.0351493598862
0.0488406827881
0.0463892840209
0.0107593159197
0.0180800889878
-7.88177339906e-05
0.0409720246562
0.0422859234274
0.100368940189
-0.704
0.0523767579571
0.048506401138
0.0374039829303
0.0937363679469
-0.0239113660315
-0.0070917838638
0.0940800335952
0.305550611791
0.0897178757705
0.0493994928776
-0.0217490118577
-0.00486949388893
0.0342389211797
0.205597487968
0.0452447642771
0.0424785804348
0.0366150013839
0.0339304671403
0.0412740628289
0.0319709075253
0.0465513731279
0.0319157667795
0.0335602716811
0.0303500428857
0.0414523480026
0.0428541225549
0.0424901743703
0.0697913703177
0.0665030820294
0.0515109466543
0.0702056987982
0.0655761024182
0.0804599336178
0.0159364627786
0.0289629990263
0.0469748696064
0.0401278195489
0.0306993835941
0.0628899952584
0.0373488463322
0.0873257467994
0.0712328117591
0.0739663347558
0.0574442863917
0.0575350193154
0.0643293056203
0.0469045114863
0.0611308677098
0.0548767188241
0.0139070649597
-0.0271159513476
0.00837171291237
0.00496487646048
0.137625415743
-0.214413521261
0.0389759266488
0.0331354945445
0.0663984910795
-0.0597142857143
0.0552821242295
0.112778091474
0.260023588868
0.0434457503575
0.0470025220624
0.0532569504778
-0.0323363314855
-1.75
-0.0017180594955
-0.058639408281
-0.011256516073
0.02995140197
-0.266785714286
0.0704767089612
0.0487325400001
0.0484501679127
0.0514685506458
0.0421668649202
0.173216117314
0.0453565279158
0.0285336942221
0.0160811375805
0.0255680331098
0.0431765792782
0.0451291376884
0.0699691148505
0.0410469481246
0.0175013252154
0.0236353843828
0.0155612669136
-0.0139018811867
-0.018069829573
0.106761105282
0.0273181766121
0.209248081549
0.0289983965182
0.0425638529378
0.0361756957966
0.0447033558584
0.0351039477049
0.1078860112
0.0832125690601
-0.0235518412746
0.0637040430649
0.078691444279
0.0666355514832
0.0756476921315
0.0500904821899
0.089563623869
0.0513600962089
0.0607416103539
0.0887515748482
0.193206662628
0.0725020043523
0.0819479468491
0.0839732266735
0.054106063475
0.0751872637728
0.127680105372
0.0602616313521
0.0800383690299
0.0844616882373
0.172978430473
0.0810050395144
-0.089601391274
0.0749707937235
0.102586187149
0.27367054821
0.0104255884613
0.0244427521406
0.0639623181766
0.0980363059856
0.145618281078
0.0873372142928
0.0829973657084
0.0641679281418
0.095826938495
0.0783910384463
0.0930557782614
0.147712424931
0.214567400981
0.0740888787081
0.0794445080747
0.0878564883748
0.0811373267667
0.0744874584813
0.106405909976
0.0904581376704
0.073756728897
0.0816137899439
0.072858206391
0.0811012484252
0.0926308555721
0.0870112243729
0.0312593641823
0.102256361721
0.0995580399994
0.0860164929561
0.0868548848929
0.0789674619183
0.101820524568
0.054904943579
0.0698561322712
0.0814144124197
0.0879017294697
0.0674520546911
0.0496294718076
0.0530671937852
0.0931462604513
0.0745389989692
0.12793600164
0.0880700950636
0.0660587640361
0.053003577545
0.0893717787195
0.073808269385
0.0896825480696
0.0505641987937
0.0779150052652
0.0727213043169
0.0843968544141
0.0421790172947
0.0758656865889
0.0565511285916
0.0640373382201
0.0666251867417
0.0533776331067
0.122013519735
0.0378355146982
0.0983875008118
0.0373725804604
0.0876871574375
0.200122979847
0.0524693620433
0.0993167344773
0.0245277193914
0.0698551607246
0.049237028609
0.0393342827258
-0.125774104209
0.0122016870011
0.0161485172152
0.00293244265188
-0.0760205528647
0.0918059766133
-0.0594686756542
0.000361765682044
-0.354555462008
0.0601343101343
0.0214327144897
0.0183004229012
0.0757443609023
0.0867021751255
0.0472781838911
0.128006164059
0.0402678011676
0.0505237743947
0.0163086924853
0.0419146938502
0.0123186344239
0.0259989635841
-0.000817185042809
0.042426061297
-0.00200384298655
0.0883646272312
0.0382141946917
0.160803364749
0.0290558684985
0.131212614747
0.107889064814
0.173807881773
0.0718073836744
0.0134198724022
0.0155844482793
0.0249600399087
0.0376655304844
0.061323715301
0.0376858859548
0.0303483836203
0.0139201121305
0.0499513228725
0.0220500388461
0.0618033265988
0.0592756578864
0.010164614544
0.0217645078082
0.0184617339483
0.0229488938868
0.0270424020636
0.0115246064118
0.0490377454411
0.0462934725981
0.0122340817545
0.0591104715435
0.0217058666565
0.0023507287259
-0.0328458498024
-0.00997990433863
0.107855731225
0.000623324311618
-0.0320232150345
0.0172553653795
0.0349689796698
0.000199875474911
0.00382317437324
0.0174206787888
0.033729081691
0.00784673248707
0.0187005356834
0.0107333730357
0.0186007984539
-0.00342416290543
0.0285633024763
0.0208475732764
0.0378006261563
0.0430209445829
-0.0828698953417
0.051329146112
0.129341230765
0.0569473396395
-1.71108433735
0.000472220835621
-0.00303366405055
0.0517249319657
0.0771621621622
0.0704081693197
0.0759269796112
0.0721979132456
0.0668918918919
0.0576515934462
0.02713371266
0.0511773492639
0.0280290811755
0.0378461538462
-0.00974956195244
0.0271622027534
-0.023529119733
0.0203063241107
0.0383675566782
0.111446802049
0.127573453418
-0.0446640237859
0.0907292512587
0.169178932903
0.0565528686581
0.053262209578
0.0368683059285
0.181830078996
0.0657567627687
0.548894736842
0.0205995802728
-0.0470744428639
-0.00925320056899
-0.0134588629299
0.148563194341
0.0493405127808
0.0173012060912
-0.043922384231
0.0457050107837
0.077000619782
0.0827168841268
0.055670909214
0.0534195092701
0.0414413289553
0.0634049432876
-0.00528185328185
0.0840132859924
0.0547566143626
0.0143344777895
0.0172588520593
0.060465545422
0.0574735499879
0.015004642301
0.0946393442623
0.00137031768611
0.0161877667141
0.0351112121241
0.024061287829
-0.00998365075007
0.0292357949475
0.185218702866
-0.0691677807487
0.302573850347
-0.159841897233
-0.131482213439
0.149920544615
0.0302924561992
0.0105514705882
0.0241042234641
0.0183946882834
0.169548741897
0.00392506742734
0.0299321475307
0.15818287366
-0.0150909509503
-0.00653106712565
-0.0107402575219
-0.0776203208556
0.0676342092613
-0.0800635026738
-0.218636363636
0.0304805408811
0.103350481826
-0.0153349004023
0.0988601123393
0.178766968326
0.0653746055469
0.148280542986
0.0139320374487
0.0468711245569
0.115663273162
0.366423097975
0.0614433414548
0.105774701785
0.148480392157
0.182786576169
0.149283559578
-0.0173830213904
0.0732538697727
0.111474363039
-0.0469050802139
-0.00653743315508
0.669583421442
0.0883974358974
0.0307553868867
0.234888763198
0.0075635026738
0.0774855298645
0.390142058226
0.038679908327
-0.526427680091
-0.0476628268069
-1.16590755811
-0.0268209283339
0.00711405251183
0.0322573982775
0.0464239834109
0.0188158899924
0.0333783783784
-0.0156273504273
0.00820030247017
0.10001194605
0.0354006638217
-0.0108345187293
-0.00874636238321
-0.20608882107
0.106926505262
0.0215337489493
0.0262463855827
-0.0218045891932
0.0175754856172
0.0032332756576
0.0560644855382
0.0247353791696
-0.0512880692931
0.0404220009483
0.0170768136558
-0.634806236754
0.573577113358
-0.0149079524108
0.014503686185
0.0462209577999
0.000745773324984
0.0144451334739
-0.00260666371927
-0.0101073903002
0.0140374962523
0.015290403297
0.00844450032399
0.0575411443201
0.510666666667
0.0167007263267
0.000637691954818
-0.0241234804862
0.0121597813712
-0.00580331954608
0.0447299610387
0.0140966282102
0.02614681091
-0.10602395028
0.0401171213865
0.0298251992278
0.0205440384836
0.0775259533642
-0.00322664770033
0.0191290584763
0.00409903575539
0.0656568646246
-0.00792757043241
-0.0787912310201
0.0202963270613
0.0129207065751
0.0268163056109
0.0205595417049
0.0190696992815
0.106738738739
0.0327880512091
0.0391768883238
0.00132947232947
-0.0287049193469
0.109680189317
-0.060213371266
0.0373692563614
-0.175023419204
0.0850870405752
-0.00261498340446
0.052947493641
-0.00808071541182
0.0277942300067
0.038323850166
0.0527932085786
0.0342081555239
0.0230504441459
-0.00344653111344
0.0852797637183
-0.0527152158616
0.096649122807
0.00420039240641
0.0133030165285
0.0136718191666
-0.00790606377984
0.00849481645958
0.0210980172632
0.0178355604169
0.0659915373269
0.0981873269116
0.0207692307692
0.0218925887598
0.0589687723897
-0.00367632523187
0.0237877787603
0.101407948473
0.0761371442977
0.0593101542113
-0.0875962447656
0.013753816601
0.0263233775145
-0.0434163110479
0.0569174736763
0.0541020659929
0.0150946882217
0.0190516832622
0.00981417998135
-0.00539426799328
0.00956545920763
-0.00420459388205
0.00489094357515
0.0510850531304
0.0160500091943
-0.0216184341865
0.0375130393551
-0.0435728015377
0.0131792318634
0.0642424365565
-0.135702702703
0.0995768833849
0.00498794661291
0.0198055950688
-0.0321218587008
-0.00868835652872
0.00580046227744
-0.042453769559
0.01
-0.0285895721925
0.105157286014
0.00699620673305
0.00550023707918
-0.00588513507495
0.00732789637803
-0.0138952110005
-0.151892010972
0.000916875486045
0.0231195639517
0.0134257942153
0.00313655761024
0.000459810245945
0.0105931305201
0.00955252809251
-0.00253909494745
0.0170306972156
-0.00052063247204
0.0103383654159
0.00687607376017
0.0234621010466
-0.000132940879049
0.130921267357
0.0490587956377
0.0115148702313
0.0153896323377
-0.107521235521
-0.0807786357786
0.0086462778568
-0.110266409266
0.0170513185469
-0.00251541014699
0.0217520151731
-0.00174459171512
0.0364797721404
0.003155523945
0.0355609315185
-0.0452612612613
-0.336456140351
-0.159703280774
0.0199145147893
-0.0842223293947
-0.00964574379718
0.0246021456589
0.0305373614071
0.0180445303189
0.0337994510455
0.0289449800441
0.0643022304993
0.036086099173
0.0399928876245
-0.00036036036036
0.0708108108108
0.0284898055951
-0.0105713608345
0.0360468271425
0.0405442233378
0.0728707183736
-0.0101734736571
0.0297666943552
0.0217690057424
0.0292555713608
-0.00151730678046
0.0144286391655
-0.0353982930299
0.035179014781
-0.0451809979228
0.0258327517068
0.011545781268
0.0370470913555
0.0254453151724
0.0641743141649
0.0319726021988
0.110750298437
-0.205847881746
0.0221608695652
0.00700270250209
2.80314285714
-0.0109009009009
-0.000229966808914
0.0155589734727
0.0261778709064
-0.00554755161744
0.0273600295079
-0.00725136465741
-0.0145271591935
0.00500981113564
0.0718531542955
-0.00701719133735
0.122074794444
-0.0112655154444
0.0360039874082
0.0802659283077
0.0957297980899
-0.0134643980555
0.0173972165537
0.0124300616406
0.00761274509804
0.104539940681
0.0928098990303
-0.0070909090909
0.039123556582
0.0189775497694
0.463804430863
-0.0119796111901
-0.052942152679
-0.0229975985892
0.042077776961
0.0309649122807
0.0472337810115
0.118999264744
-0.0107088667615
0.0352465623518
0.0625296348981
0.0383831199621
0.0300830753326
0.00317516454006
0.0128331706888
0.0560915886579
0.0135229966809
0.00618539592224
0.130224315239
0.0360180722892
0.0326339271664
0.0159838786155
0.0984294255538
0.0204646752015
0.0708297771456
0.0364153627312
0.0249265054528
-0.0199181702015
0.0166443091225
0.0799999999999
-0.0541937564937
0.0279060514328
-0.0302471042471
0.0109932432432
0.0262096471358
0.00806004618938
0.0242174733623
0.0193023410703
0.0437434803224
0.0662711585529
0.0696657754011
0.0377887984209
0.0235117197138
-0.00582503556188
0.0390469416785
0.0369559032717
0.0433698342895
0.0265101944049
0.0172007722008
0.00647782621366
0.0672118068509
-0.000546360145845
0.000265694362506
-0.0251528961188
-0.054834884679
0.0273997233748
-0.0330461876833
0.00129484332593
0.0262000986923
-0.00210214655811
0.0170071858951
0.0168533421566
0.0209679487799
0.0215805576116
-0.00447553063839
0.0120910384068
0.220212089077
0.0030036199095
0.0362596129986
0.00763777479037
0.01840215867
0.02025169471
0.0327385030513
-0.0212491728083
0.156026831785
-0.00773803333764
0.0116212701785
0.0351173480424
0.0999793601651
0.0214289873014
-0.0037526620695
0.00760263837442
-0.0612908341555
-0.00106734237937
0.0197158920352
0.0918681318681
0.0326716940173
0.00954128262909
0.0104738001959
0.00487550896061
-0.0234145929678
-0.017355532559
-0.00397913865973
0.0200103774771
0.0385716123292
0.0104251743907
0.000363584688629
0.0189037095501
0.0032380952381
0.00860868492475
-0.0434795616388
0.0286147593273
0.0523025060298
0.0502959316366
0.00373752794027
0.0332080497905
0.0277685579196
0.0439718241364
0.0380476873431
0.0138833992095
