-0.000489302113525
0.00970715146384
0.0020747712248
0.0143454433288
0.0105775934175
-0.0178315339173
-0.0239510773614
-0.0479125117158
0.0169155241476
0.103701321139
0.054416449948
0.155194806377
0.0414433151718
-0.0161193945939
0.0249197025627
-0.0100545006816
0.000217863254412
0.0290920748793
0.0499907221748
0.0789893856055
0.0540614050428
0.0160811375805
0.0645437490557
0.0298547600544
0.086652253235
-0.0235518412746
0.0668400251935
0.0699509574621
0.0601344980599
0.0804085282082
0.0980363059856
0.0415319945297
0.0783910384463
0.0764181175621
0.0764751067223
0.0814340752636
0.0833443309183
0.0347991459884
0.0912511832456
0.0814144124197
0.0551030831597
0.105214982376
0.053003577545
0.0800317772809
0.0779150052652
0.0843968544141
0.0931250693339
0.0761745811989
0.0594139210792
0.169830865489
0.0378355146982
0.0983875008118
0.0810362290612
0.0876871574375
0.200122979847
0.0993167344773
0.0336150771706
0.0698551607246
0.0701680491144
0.164059459013
-0.0353621178944
0.0221417171863
0.0037647151981
0.0107702307442
0.116299188932
0.120049549096
0.0469117584096
0.144486273488
